   beta_hat_ridge             
s0    5.184689210  4.334076093
      0.037913763  0.219221149
      0.046840343  0.240897588
     -0.062281560 -0.068220095
      0.029464362  0.183515920
     -0.041257277           NA
      0.020229049  0.037155322
      0.003388703  0.007766465
      0.001167689  0.001164011
      0.003818818 -0.006646938
      0.013618916  0.268719597
      0.007877091  0.692275275
      0.059673944  0.855524015
      0.037567243  0.175458823
      0.011721865 -0.785274560
     -0.041099697 -0.490626062
      0.011984943 -0.590016484
      0.009322157 -0.479880432
     -0.261436944  0.042253004
      0.074217177 -0.698465138
      0.006576840 -0.170440729
      0.004674056  0.122963219
      0.193981110  0.423791267
      0.010474831 -0.467918271
      0.016268579 -0.378603008
      0.010219660  0.420896372
      0.008637835  0.017712874
      0.044188179  0.034159646
      0.006608964 -0.006717979
