   beta_hat_lasso             
s0   5.0121711224  4.334076093
     0.0000000000  0.219221149
     0.0000000000  0.240897588
     0.0000000000 -0.068220095
     0.0000000000  0.183515920
     0.0000000000           NA
     0.0282952926  0.037155322
     0.0060678474  0.007766465
     0.0001907021  0.001164011
     0.0000000000 -0.006646938
     0.0000000000  0.268719597
     0.0392191582  0.692275275
     0.0000000000  0.855524015
     0.0000000000  0.175458823
     0.0000000000 -0.785274560
     0.0000000000 -0.490626062
     0.0000000000 -0.590016484
     0.0000000000 -0.479880432
     0.0000000000  0.042253004
     0.0000000000 -0.698465138
     0.0000000000 -0.170440729
     0.0000000000  0.122963219
     0.0000000000  0.423791267
     0.0000000000 -0.467918271
     0.0357121694 -0.378603008
     0.0000000000  0.420896372
     0.0000000000  0.017712874
     0.0000000000  0.034159646
     0.0000000000 -0.006717979
