   beta_hat_ridge              
s0   5.6001034213  5.0041081186
     0.0242047857  0.2259036545
     0.0271355589  0.2168300944
    -0.0437001033 -0.1715555713
     0.0190016039  0.1384400541
    -0.0165528676            NA
     0.0074266039  0.0198162763
     0.0012079785  0.0034309375
     0.0005639593 -0.0007179322
     0.0034038236  0.0115965118
     0.0117048953 -0.5607031821
     0.0060103704  0.2466879654
     0.0965364949  0.7467361606
     0.0153935727  0.2902676357
     0.0064016306 -0.1353971334
     0.0571017926  0.2425082969
     0.0117032411  0.4754617506
     0.0064432775 -0.1864730651
    -0.0592759138 -1.0999866081
     0.0758440087  0.3255851846
     0.0141619260 -0.0514449075
     0.0119010920  0.0574730454
     0.0031207412 -0.0174772432
     0.0192625377  0.1021592274
     0.0138469389  0.0838036208
     0.0092296618 -0.0828051480
     0.0105629032  0.0672055951
     0.0343752936 -0.0281191852
     0.0373932553  0.0609546866
