   beta_hat_lasso              
s0   5.577622e+00  5.0041081186
     0.000000e+00  0.2259036545
     0.000000e+00  0.2168300944
     0.000000e+00 -0.1715555713
     0.000000e+00  0.1384400541
     0.000000e+00            NA
     7.580568e-03  0.0198162763
     1.445477e-03  0.0034309375
     0.000000e+00 -0.0007179322
     1.560504e-02  0.0115965118
     2.174400e-04 -0.5607031821
     3.264004e-03  0.2466879654
     0.000000e+00  0.7467361606
     0.000000e+00  0.2902676357
     0.000000e+00 -0.1353971334
     0.000000e+00  0.2425082969
     0.000000e+00  0.4754617506
     1.229866e-02 -0.1864730651
     0.000000e+00 -1.0999866081
     0.000000e+00  0.3255851846
     0.000000e+00 -0.0514449075
     8.610801e-05  0.0574730454
     0.000000e+00 -0.0174772432
     0.000000e+00  0.1021592274
     3.631779e-02  0.0838036208
     0.000000e+00 -0.0828051480
     0.000000e+00  0.0672055951
     0.000000e+00 -0.0281191852
     0.000000e+00  0.0609546866
