[[1]]
[[1]][[1]]
 [1] 0.18057576 0.12856710 0.31380446 0.48295560 0.38032650 0.42296695 0.04450086 0.14888500 0.15999301 0.01481485 0.27501218 0.31225280 0.04174953 0.02086547
[15] 0.23091842 0.22295379 0.02486225 0.19047388 0.43551214 0.38569807 0.28272809 0.27513571 0.10717962 0.33228753 0.13465407 0.39076394

[[1]][[2]]
 [1]  0.022962464  0.055168603  0.200194734  0.280869627  0.249754150  0.302357998 -0.010689076  0.137125511  0.179614675  0.018335980  0.183910227
[12]  0.223793068 -0.004741796 -0.007896980  0.212472759  0.202244748 -0.010746382  0.064848225  0.264521189  0.247927849  0.255435362  0.185700839
[23]  0.100545412  0.229980757  0.108930738  0.262968264

[[1]][[3]]
 [1]  0.129572763  0.058056844  0.236573402  0.393486049  0.386249432  0.415994280 -0.004993487  0.182510356  0.200526709  0.051951816  0.310180198
[12]  0.349572349  0.056021810 -0.012039089  0.349800779  0.332077345  0.075921006  0.022214838  0.325475687  0.280415554  0.411147730  0.251857607
[23]  0.020411608  0.340798264  0.111481945  0.411165318

[[1]][[4]]
 [1]  1.435705e-01  2.181024e-02  1.133657e-01  2.293452e-01  2.513553e-01  2.413834e-01  7.549814e-02  1.617666e-01  1.699918e-01  2.442486e-02  2.245490e-01
[12]  2.067834e-01  1.619571e-02  3.664370e-02  2.000720e-01  2.131444e-01 -6.343327e-05  4.413424e-02  1.064363e-01  1.076657e-01  2.084527e-01  1.864684e-01
[23]  1.444474e-01  2.352870e-01  7.578246e-02  2.551010e-01

[[1]][[5]]
 [1]  0.107516215  0.014282358  0.185722840  0.453544262  0.386814352  0.408053594  0.001784203  0.242223842  0.273359328 -0.008191033  0.296814284
[12]  0.312661267  0.011560931 -0.003679398  0.308653551  0.296826450  0.019130793  0.118128259  0.290110740  0.270624921  0.362813196  0.133460981
[23]  0.133718074  0.309093118  0.189141669  0.390151062


[[2]]
[[2]][[1]]
 [1]  0.052073014  0.012048738  0.185417987  0.227403732  0.199562157  0.205186469 -0.008598521  0.031172661  0.034677542  0.052196426  0.181338296
[12]  0.192605431 -0.007967932 -0.009914052  0.163192328  0.174783305  0.001305627  0.108479825  0.258311035  0.234537081  0.201375613  0.101899662
[23]  0.054773385  0.225513944  0.043988167  0.205268134

[[2]][[2]]
 [1] 0.11859152 0.11063616 0.15679540 0.30826180 0.20859343 0.22723107 0.00152915 0.16695140 0.16096312 0.01780803 0.13391831 0.15457384 0.01059269 0.01715781
[15] 0.16969614 0.15850416 0.06006502 0.06175247 0.21201157 0.19242588 0.22117825 0.14963004 0.02809726 0.22896459 0.10797522 0.22612784

[[2]][[3]]
 [1]  0.124338929  0.089652529  0.229982870  0.306958692  0.295680782  0.304302251 -0.001691871  0.259631422  0.248628272  0.030854307  0.216616743
[12]  0.223656327 -0.010652251  0.001045804  0.265555312  0.249754564  0.093501152 -0.011342606  0.222362114  0.149716039  0.261180306  0.118021305
[23]  0.020888893  0.265607893  0.029174866  0.313810518

[[2]][[4]]
 [1]  0.071726787  0.067514816  0.155807600  0.309790145  0.297547414  0.317078306  0.023845414  0.182010865  0.199929195  0.017157961  0.228181910
[12]  0.238891730 -0.006542314  0.015066685  0.176229331  0.175057935  0.008917145  0.098063244  0.212058829  0.207547180  0.219379215  0.254524195
[23]  0.120089755  0.209501920  0.194282364  0.294667420

[[2]][[5]]
 [1]  0.117426803  0.213405289  0.248606112  0.345428732  0.281089860  0.291200292  0.026394836  0.271579192  0.286215609 -0.003150077  0.193362526
[12]  0.182800960  0.007569287  0.041319813  0.234914069  0.227032705  0.017618476  0.080196706  0.208670720  0.193699978  0.293924383  0.174434120
[23]  0.048266358  0.289411862  0.115772945  0.301211392


[[3]]
[[3]][[1]]
 [1]  0.131942574  0.053427771  0.219291991  0.264139817  0.192191490  0.185756409 -0.009742175  0.035426797  0.028144956  0.022263040  0.177176674
[12]  0.184664404 -0.003382346 -0.006476966  0.126681166  0.142162357 -0.009052838  0.157444322  0.229623391  0.235332859  0.102414727  0.034408449
[23]  0.030436075  0.194218980  0.117798266  0.185686179

[[3]][[2]]
 [1]  0.174050437  0.060144603  0.298291594  0.414903595  0.349225946  0.354756664 -0.007097497  0.170174832  0.178044774  0.086772757  0.289800541
[12]  0.303781051  0.019413600  0.005861316  0.270455813  0.258606853  0.104698419  0.086538362  0.377549412  0.338666325  0.271429982  0.257721587
[23]  0.106335032  0.310023677  0.247809360  0.352715185

[[3]][[3]]
 [1]  0.04262373  0.20522144  0.18616074  0.16937905  0.22263070  0.19082339  0.08975563  0.15753292  0.12840972  0.04792094  0.14495666  0.12133687
[13]  0.01656234  0.08419355  0.21463248  0.17606620  0.28589286 -0.01146166  0.07012803  0.05284031  0.17794420  0.16121935  0.01296304  0.18957544
[25]  0.02949597  0.24327611

[[3]][[4]]
 [1]  5.100710e-02  2.577939e-01  3.559096e-01  2.716110e-01  2.033935e-01  1.808414e-01  1.023213e-01  1.094666e-01  1.087869e-01 -7.634801e-04  1.740077e-01
[12]  1.519440e-01  8.973891e-02  5.917009e-02  1.117446e-01  1.093732e-01  8.303238e-05  7.863621e-02  1.911414e-01  1.898336e-01  1.759324e-01  1.259529e-01
[23]  9.689862e-02  1.532971e-01  4.443882e-02  1.946031e-01

[[3]][[5]]
 [1]  0.077354299  0.224171865  0.295015941  0.392515554  0.327864650  0.334701665 -0.005588196  0.240459831  0.261305473 -0.005741270  0.228918757
[12]  0.223254306  0.011788997  0.008936511  0.306968691  0.286718250  0.043643462  0.053323951  0.164473375  0.150961751  0.314124161  0.115543533
[23]  0.030703161  0.296528999  0.110920846  0.353408456


[[4]]
[[4]][[1]]
 [1]  0.098059208  0.106772192  0.222684316  0.262243351  0.186124905  0.192016674 -0.009421836  0.031244876  0.029148848 -0.013945201  0.183089861
[12]  0.205107166 -0.010020569 -0.008855376  0.149110050  0.163783090  0.007044033  0.124546219  0.221455767  0.209903817  0.067989874  0.096236489
[23]  0.066592190  0.136057303  0.077837631  0.184299572

[[4]][[2]]
 [1]  0.1990666874  0.2084954983  0.2539935387  0.2885594302  0.2908806387  0.3174974484 -0.0096871118  0.1719320975  0.1702703216 -0.0002155166  0.2100860054
[12]  0.2271268605 -0.0091819573 -0.0056535664  0.2043719487  0.1801242701  0.0371157413  0.0636873047  0.2899080885  0.2564561641  0.1952387247  0.1379756993
[23]  0.0909850713  0.2462606790  0.1626583962  0.2989806788

[[4]][[3]]
 [1]  0.031091493  0.139427157  0.168595019  0.289504347  0.282143292  0.301736044  0.024956178  0.160044973  0.152949776  0.003396803  0.230101544
[12]  0.253480797 -0.010477010 -0.004599483  0.168600876  0.171726493 -0.001506339  0.015112022  0.249837717  0.196756911  0.264061321  0.171449883
[23]  0.041277701  0.219245309  0.045876603  0.272085913

[[4]][[4]]
 [1]  0.150801836  0.322242739  0.194668549  0.334243914  0.285914740  0.317081360  0.016447944  0.270526105  0.261733131  0.071557555  0.167588535
[12]  0.194377458 -0.006620789  0.061857512  0.151281939  0.139451379  0.133515218  0.032453775  0.168697379  0.162393504  0.152336081  0.244375189
[23]  0.118400549  0.192099659  0.149008857  0.302918061

[[4]][[5]]
 [1] 0.080959915 0.486029153 0.452738813 0.495704864 0.457364664 0.466860943 0.097612472 0.285254685 0.284115329 0.140967731 0.420251632 0.446232761
[13] 0.001314816 0.099132318 0.336962344 0.339442228 0.089637442 0.343617545 0.383219187 0.394153032 0.403058509 0.318079539 0.032313877 0.342898999
[25] 0.249570947 0.443466287


[[5]]
[[5]][[1]]
 [1]  0.003575321  0.196953424  0.246038006  0.310570097  0.269696443  0.265699904 -0.008733554  0.011344421  0.014354598  0.018597438  0.263497040
[12]  0.263465740 -0.007784870 -0.010214122  0.164883057  0.146381626 -0.010951836  0.165861059  0.226970202  0.222508685  0.238377540  0.095223456
[23]  0.062546679  0.223758199  0.178018034  0.262557751

[[5]][[2]]
 [1]  0.079502434  0.197964703  0.270377350  0.506448930  0.404979108  0.384122878  0.028549233  0.089897376  0.094690613 -0.007412587  0.325705706
[12]  0.313179142  0.087255026  0.031437087  0.300201135  0.278267766  0.095812611  0.175771628  0.437334980  0.409776282  0.334223121  0.233235034
[23]  0.134414882  0.319341848  0.255217711  0.406477053

[[5]][[3]]
 [1]  4.391230e-02  2.439188e-01  3.275513e-01  3.214231e-01  3.372177e-01  3.734756e-01  1.761190e-02  1.424525e-01  1.702560e-01  4.697604e-02  3.148686e-01
[12]  3.572579e-01 -1.119910e-02 -2.663892e-05  3.196014e-01  3.207512e-01  1.785611e-03  6.713390e-02  3.371229e-01  3.018337e-01  3.087633e-01  1.804715e-01
[23]  6.442505e-02  2.766383e-01  6.187580e-02  3.498634e-01

[[5]][[4]]
 [1]  0.06527824  0.27918404  0.24571327  0.44940175  0.38385457  0.39848392  0.09972603  0.19002876  0.20456172  0.02289868  0.33119893  0.33846768
[13] -0.01044219  0.06562276  0.25614062  0.24866556  0.13914753  0.11481760  0.31003985  0.29330202  0.34212849  0.29269535  0.18667134  0.30453010
[25]  0.25872760  0.38889454

[[5]][[5]]
 [1] 0.03596469 0.37343939 0.33476251 0.35260161 0.35454975 0.35163605 0.08493195 0.23448985 0.27032480 0.11036875 0.30028535 0.28436762 0.02370839 0.13844139
[15] 0.29251723 0.26739470 0.04733609 0.05774627 0.23432640 0.20681794 0.27563589 0.16700303 0.02613225 0.25045858 0.19340537 0.36444697


[[6]]
[[6]][[1]]
 [1]  0.049819306  0.125769667  0.276462455  0.370853524  0.311647515  0.321376686 -0.010205161 -0.005631718 -0.004291397 -0.012566804  0.311712389
[12]  0.325782300 -0.010288078 -0.010926456  0.244707077  0.216751092  0.025181853  0.116661599  0.302563301  0.253177977  0.201882080  0.093304975
[23]  0.114561306  0.287075866  0.101631929  0.317592335

[[6]][[2]]
 [1]  0.068175453  0.227789980  0.205793183  0.405427398  0.335670790  0.327969862  0.003789228  0.055679373  0.038078677  0.061653527  0.275305875
[12]  0.278498368 -0.006966073  0.025146212  0.246515178  0.241102985  0.064929583  0.182998941  0.338307944  0.324470920  0.255311420  0.146782230
[23]  0.067808469  0.216898932  0.220038386  0.343649665

[[6]][[3]]
 [1]  5.505222e-02  9.948463e-02  1.672318e-01  2.519613e-01  3.261172e-01  2.990876e-01  9.994857e-02  8.962306e-02  5.429461e-02  9.299444e-02  3.191942e-01
[12]  3.243209e-01 -7.750716e-03  3.005748e-02  3.051108e-01  2.959679e-01 -1.064410e-02  1.428543e-01  2.555300e-01  2.646809e-01  3.176444e-01  6.611053e-02
[23]  2.228376e-02  2.852743e-01 -9.249104e-05  3.265066e-01

[[6]][[4]]
 [1]  0.139175902  0.233355097  0.229953776  0.341313959  0.402488756  0.407122419  0.083058706  0.200883521  0.259209603 -0.003251814  0.319732557
[12]  0.303132601  0.115605977  0.035942602  0.183645737  0.170299404  0.160848841  0.037782362  0.233324800  0.209190004  0.249613724  0.140826659
[23]  0.011520516  0.233204870  0.122147444  0.379223351

[[6]][[5]]
 [1] 0.02196855 0.34880199 0.32201996 0.37756342 0.34803104 0.32258706 0.11400527 0.15385986 0.16200358 0.06169157 0.31562669 0.28749251 0.07916877 0.13213634
[15] 0.26297335 0.24598017 0.02726402 0.10976558 0.27626465 0.25571787 0.34089217 0.22172412 0.14372189 0.24423454 0.18057644 0.34606548


[[7]]
[[7]][[1]]
 [1]  0.101540873  0.164590220  0.301088895  0.391897119  0.345850301  0.338223238  0.007348725 -0.006290482 -0.001487105 -0.017597790  0.341233573
[12]  0.334077577  0.002579966  0.004425772  0.235027354  0.221589990  0.020559928  0.152023830  0.255715534  0.250235956  0.235538194  0.145889502
[23]  0.159828941  0.323572575  0.097319711  0.338870996

[[7]][[2]]
 [1]  0.016616818  0.092047593  0.337939649  0.331667520  0.390909029  0.385680605  0.003064926  0.024355329  0.016908096 -0.013642175  0.379533205
[12]  0.387628031 -0.003257524 -0.005681664  0.292591834  0.280927350  0.028272377  0.115324703  0.307715413  0.268313443  0.251145130  0.122126525
[23]  0.036130802  0.335390598  0.071889255  0.376547761

[[7]][[3]]
 [1]  0.047843374  0.069975838  0.180720165  0.342788612  0.344093185  0.350045784  0.046570500  0.097640797  0.126880485 -0.010479650  0.330532488
[12]  0.331497003  0.003467758 -0.003343837  0.233667325  0.236521199  0.066064942  0.112011363  0.318608126  0.300556658  0.268942308  0.143902750
[23]  0.075423672  0.313440239  0.132744411  0.326413446

[[7]][[4]]
 [1]  0.148212610  0.065105643  0.192565508  0.315770856  0.336494771  0.330401471  0.074084483  0.139079063  0.149323674 -0.002534943  0.321849255
[12]  0.317494981  0.048591542  0.051166430  0.281839372  0.266832942  0.059078464  0.061714987  0.175769482  0.162634721  0.280506065  0.209618104
[23]  0.095701065  0.305605476  0.135946892  0.338898433

[[7]][[5]]
 [1] 0.02916746 0.10914401 0.27578289 0.37766604 0.33764088 0.34096482 0.09306574 0.16697730 0.18857933 0.05135709 0.29499817 0.30198529 0.04941548 0.06775610
[15] 0.25194141 0.23927531 0.11684003 0.02441604 0.31308829 0.26643109 0.35719113 0.20819552 0.07590508 0.28759657 0.16567820 0.33534431


[[8]]
[[8]][[1]]
 [1]  0.006619532  0.236715075  0.400141608  0.473806031  0.400059754  0.400453721 -0.006639635 -0.008973007 -0.007964878  0.041239879  0.393948847
[12]  0.394792283 -0.011410542 -0.007299479  0.329954474  0.299213691  0.106434644  0.298411073  0.410855386  0.409312636  0.293638756  0.222038015
[23]  0.244858039  0.379935048  0.148288954  0.409538313

[[8]][[2]]
 [1]  0.035348749  0.226413439  0.255980194  0.474072480  0.432441740  0.462082620 -0.008133195  0.058236762  0.065775633 -0.012212924  0.402125279
[12]  0.439808964 -0.009158334 -0.010015472  0.354215130  0.321969897  0.095787986  0.162483454  0.363027001  0.329826094  0.319952348  0.199588703
[23]  0.089844750  0.426909932  0.196303586  0.440197053

[[8]][[3]]
 [1]  0.094555053  0.099018071  0.176398573  0.284871029  0.274835272  0.316188972 -0.010514049  0.097018043  0.134472648 -0.010094636  0.235831513
[12]  0.259643991 -0.006720785 -0.010082567  0.241486035  0.254066888  0.062828532  0.028813664  0.235697710  0.207229570  0.281914729  0.113525626
[23]  0.134339500  0.285165664  0.109175562  0.283613354

[[8]][[4]]
 [1] 0.07805086 0.22946305 0.14366872 0.37998920 0.35737384 0.34736537 0.23890530 0.23037948 0.24921987 0.05907777 0.25975817 0.24548938 0.14463329 0.22861165
[15] 0.17100724 0.17856024 0.04047036 0.08223490 0.19372410 0.18692862 0.24986657 0.28338371 0.08329902 0.26432520 0.21524760 0.34591921

[[8]][[5]]
 [1] -0.006900989  0.317785714  0.348938318  0.502876364  0.408067610  0.380568308  0.115373440  0.168091606  0.163744313  0.046360307  0.373531819
[12]  0.352349979  0.029673562  0.080750208  0.339076283  0.344354160 -0.010529369  0.240966117  0.460790031  0.456300383  0.504987548  0.338082604
[23]  0.097488735  0.389076705  0.242243848  0.412520609


