   beta_hat_ridge              
s0   5.1587262735  4.6233569214
     0.0299392007  0.2612392631
     0.0447067714  0.2439539924
    -0.0384026000 -0.0305459683
     0.0093460684  0.1084120936
    -0.0350254497            NA
     0.0139304393  0.0321970162
     0.0024186610  0.0062669971
     0.0010691348  0.0006303289
     0.0038999115  0.0119496325
     0.0121042319  0.5280687650
     0.0061227016  0.6313690796
     0.1442500720 -0.0755024078
     0.0174357250 -0.7779082869
     0.0087864736 -0.5235390983
    -0.0036205944 -0.0203979845
     0.0129336627 -0.4623055948
     0.0069585162 -0.6400095075
    -0.0008409852 -0.3566126264
     0.1630359675  0.2388521924
     0.0187051521  0.0579708105
     0.0121605547 -0.0065486509
     0.1606459312  0.0746494413
     0.0142906672  0.0581568330
     0.0172016419  0.1310359170
     0.0107281451 -0.1038623633
     0.0130888891  0.0350902502
     0.0102216403 -0.1132931473
     0.0267191663 -0.0308681529
