   beta_hat_lasso              
s0   5.2897351155  4.6233569214
     0.0000000000  0.2612392631
     0.0000000000  0.2439539924
     0.0000000000 -0.0305459683
     0.0000000000  0.1084120936
     0.0000000000            NA
     0.0172849552  0.0321970162
     0.0042521530  0.0062669971
     0.0001731020  0.0006303289
     0.0071836931  0.0119496325
     0.0378802298  0.5280687650
     0.0000000000  0.6313690796
     0.0000000000 -0.0755024078
     0.0000000000 -0.7779082869
     0.0000000000 -0.5235390983
     0.0000000000 -0.0203979845
     0.0000000000 -0.4623055948
     0.0009836474 -0.6400095075
     0.0000000000 -0.3566126264
     0.0000000000  0.2388521924
     0.0225845537  0.0579708105
     0.0000000000 -0.0065486509
     0.0000000000  0.0746494413
     0.0000000000  0.0581568330
     0.0406893600  0.1310359170
     0.0000000000 -0.1038623633
     0.0000000000  0.0350902502
     0.0000000000 -0.1132931473
     0.0000000000 -0.0308681529
