   beta_hat_lasso             
s0    5.233465526  4.605986586
      0.000000000 -0.008469636
      0.000000000  0.003749790
      0.000000000 -0.277699855
      0.000000000 -0.007187121
      0.000000000           NA
      0.016951246  0.029325348
      0.004190211  0.006477082
      0.000000000 -0.001994552
      0.003719552  0.004514042
      0.093574842  0.245660214
      0.000000000 -0.162214937
      0.000000000  0.420542747
      0.000000000 -0.155242517
      0.000000000  0.168242904
      0.000000000  0.116707720
      0.000000000 -0.106372475
      0.000000000  0.134773291
      0.000000000  0.379692596
      0.000000000 -0.821986972
      0.000000000  0.044354989
      0.000000000 -0.031837976
      0.000000000  0.213893847
      0.000000000  0.319498805
      0.023738219  0.293877176
      0.000000000 -0.260067728
      0.000000000  0.083172610
      0.000000000 -0.120697310
      0.000000000 -0.056698752
