   beta_hat_ridge             
s0   5.0659392815  4.605986586
     0.0152531131 -0.008469636
     0.0253328055  0.003749790
    -0.0435053365 -0.277699855
     0.0035553158 -0.007187121
     0.0115463209           NA
     0.0114710249  0.029325348
     0.0019498654  0.006477082
     0.0007944414 -0.001994552
     0.0036196780  0.004514042
     0.0151754528  0.245660214
     0.0069408968 -0.162214937
     0.2265279434  0.420542747
     0.0205372926 -0.155242517
     0.0077371901  0.168242904
     0.0586719813  0.116707720
     0.0153250110 -0.106372475
     0.0075993762  0.134773291
     0.2008383330  0.379692596
     0.2021537071 -0.821986972
     0.0161438627  0.044354989
     0.0118329490 -0.031837976
     0.1112627873  0.213893847
     0.0147668380  0.319498805
     0.0161140701  0.293877176
     0.0098239197 -0.260067728
     0.0130115788  0.083172610
     0.0137264138 -0.120697310
     0.0107042425 -0.056698752
