   beta_hat_lasso              
s0    5.620560286  5.9775631703
      0.000000000  0.2090366966
      0.000000000  0.0310324595
      0.000000000 -0.0623072787
      0.000000000  0.0132968556
      0.000000000            NA
      0.020580975  0.0372861569
      0.000000000  0.0009039235
      0.000000000 -0.0003116344
      0.010094287  0.0125069407
      0.000000000 -0.1198357456
      0.018737242 -0.2921204287
      0.000000000  2.0093880118
      0.000000000  0.3164620468
      0.000000000  0.2641746971
      0.000000000  0.1836445189
      0.000000000  0.2437485657
      0.008627390  0.2464347101
      0.000000000 -0.3988618684
      0.000000000 -3.2456283875
      0.000000000  0.0230312814
      0.001730081 -0.0089683066
      0.000000000 -0.1580360945
      0.000000000  0.5200124955
      0.021039363  0.5727033450
      0.000000000 -0.5632235060
      0.004913837  0.0332414846
      0.000000000  0.0705079640
      0.003469655  0.1250066106
