   beta_hat_ridge              
s0   5.9975572794  5.9775631703
     0.0367873453  0.2090366966
    -0.0123575474  0.0310324595
     0.0015327667 -0.0623072787
    -0.0115518494  0.0132968556
    -0.0083853510            NA
     0.0113204603  0.0372861569
     0.0004221191  0.0009039235
     0.0007727776 -0.0003116344
     0.0033410999  0.0125069407
     0.0100259420 -0.1198357456
     0.0051131399 -0.2921204287
    -0.0850972860  2.0093880118
     0.0187840753  0.3164620468
     0.0081380903  0.2641746971
     0.0436512102  0.1836445189
     0.0106365459  0.2437485657
     0.0062413912  0.2464347101
    -0.0926538291 -0.3988618684
    -0.1427081752 -3.2456283875
     0.0131386594  0.0230312814
     0.0104237487 -0.0089683066
     0.0037836654 -0.1580360945
     0.0137870169  0.5200124955
     0.0122982383  0.5727033450
     0.0082948897 -0.5632235060
     0.0132213163  0.0332414846
     0.0537957566  0.0705079640
     0.0485150952  0.1250066106
