   beta_hat_lasso              
s0   5.385421e+00  5.6904513085
     0.000000e+00  0.2052997833
     0.000000e+00  0.1342466590
     0.000000e+00 -0.1439119725
     0.000000e+00  0.0261324385
     0.000000e+00            NA
     2.349072e-02  0.0365778455
     7.462537e-04  0.0034291374
     9.045541e-05 -0.0001347592
     1.599291e-02  0.0174669695
     2.938501e-02  0.1295581524
     2.656000e-03  0.1531734096
     0.000000e+00  2.4255888529
     0.000000e+00  0.0054203895
     0.000000e+00 -0.1578056216
     0.000000e+00  0.2192634945
     0.000000e+00  0.0841637225
     0.000000e+00 -0.2591217959
     0.000000e+00 -1.2833694394
     0.000000e+00 -2.6577312777
     9.039348e-03  0.0415809864
     0.000000e+00 -0.0164497560
     0.000000e+00 -0.0815289835
     0.000000e+00  0.3551820562
     1.781901e-02  0.4454011866
     0.000000e+00 -0.4253096185
     0.000000e+00  0.0326048734
     0.000000e+00  0.0409668040
     0.000000e+00 -0.0143106348
