   beta_hat_ridge              
s0   5.6873770885  5.6904513085
     0.0276051768  0.2052997833
     0.0144434737  0.1342466590
    -0.0271371181 -0.1439119725
    -0.0042727324  0.0261324385
    -0.0035243613            NA
     0.0109094321  0.0365778455
     0.0009764596  0.0034291374
     0.0007840161 -0.0001347592
     0.0035541177  0.0174669695
     0.0101190989  0.1295581524
     0.0051368416  0.1531734096
     0.0377347684  2.4255888529
     0.0277692438  0.0054203895
     0.0105187914 -0.1578056216
     0.0499053210  0.2192634945
     0.0087879135  0.0841637225
     0.0050193677 -0.2591217959
    -0.0903135435 -1.2833694394
     0.0765563594 -2.6577312777
     0.0141494981  0.0415809864
     0.0109383870 -0.0164497560
     0.0981273720 -0.0815289835
     0.0078502212  0.3551820562
     0.0120994555  0.4454011866
     0.0075225767 -0.4253096185
     0.0115177788  0.0326048734
     0.0428215865  0.0409668040
     0.0247718044 -0.0143106348
