   beta_hat_lasso              
s0   5.3834903599  4.8841251980
     0.0000000000  0.1268498997
     0.0000000000  0.1020536082
     0.0000000000 -0.1690973192
     0.0000000000  0.0582008095
     0.0000000000            NA
     0.0202762693  0.0323254115
     0.0000000000 -0.0004403167
     0.0006763046  0.0020790687
     0.0076953231  0.0097492596
     0.0000000000 -0.3093901533
     0.0000000000  0.3446385886
     0.0000000000  2.2889921975
     0.0000000000  0.4029380707
     0.0000000000 -0.3424313379
     0.0000000000 -0.0327063418
     0.0000000000  0.2736554460
     0.0367573456 -0.2988737467
     0.0000000000  0.0458245975
     0.0000000000 -2.5843844266
     0.0022681325 -0.1443738727
     0.0000000000  0.1287699851
     0.0270117754  0.5319188462
     0.0000000000  0.0331376109
     0.0272890585  0.0899014795
     0.0000000000 -0.0786713498
     0.0000000000  0.0374693887
     0.0000000000 -0.1313628612
     0.0000000000  0.0275363371
