   beta_hat_ridge              
s0   5.5166903851  4.8841251980
     0.0353118058  0.1268498997
     0.0196608459  0.1020536082
    -0.0444525435 -0.1690973192
     0.0033115058  0.0582008095
     0.0018006627            NA
     0.0123414025  0.0323254115
     0.0002664072 -0.0004403167
     0.0008579941  0.0020790687
     0.0032121114  0.0097492596
     0.0125393036 -0.3093901533
     0.0062716750  0.3446385886
     0.0877498498  2.2889921975
     0.0073078148  0.4029380707
     0.0028967361 -0.3424313379
    -0.0469122884 -0.0327063418
     0.0143848108  0.2736554460
     0.0079272726 -0.2988737467
     0.0014189644  0.0458245975
    -0.1120877142 -2.5843844266
     0.0144203014 -0.1443738727
     0.0108588390  0.1287699851
     0.1832459114  0.5319188462
     0.0089306355  0.0331376109
     0.0149056903  0.0899014795
     0.0086828429 -0.0786713498
     0.0107132416  0.0374693887
     0.0097039590 -0.1313628612
     0.0304721085  0.0275363371
