   beta_hat_ridge             
s0    5.215474719  4.287484119
      0.038300885  0.186446076
      0.024439330  0.160238862
     -0.043750515 -0.197023076
     -0.002900281  0.036718856
     -0.007124363           NA
      0.012148026  0.035891659
      0.001910896  0.004630073
      0.001446116  0.004017132
      0.003751818  0.009637670
      0.010373873  0.373323205
      0.004559505  0.081984610
      0.159224214  0.960157784
      0.022101532 -0.339363248
      0.008424659 -0.075170947
     -0.020950388 -0.022421446
      0.010057314 -0.428703852
      0.004857702 -0.060884678
      0.145600224  0.307709954
      0.208655537 -1.064505005
      0.015804214 -0.016644313
      0.011198999  0.056352647
      0.231677117  0.655139623
      0.018268164  0.050335473
      0.011323389 -0.032105646
      0.008233445  0.009037728
      0.011224156  0.053635323
      0.024693772 -0.027734053
      0.028651804 -0.007513842
