   beta_hat_lasso             
s0    5.161528764  4.287484119
      0.000000000  0.186446076
      0.000000000  0.160238862
      0.000000000 -0.197023076
      0.000000000  0.036718856
      0.000000000           NA
      0.026294778  0.035891659
      0.003811805  0.004630073
      0.003637538  0.004017132
      0.004515224  0.009637670
      0.025326021  0.373323205
      0.000000000  0.081984610
      0.000000000  0.960157784
      0.000000000 -0.339363248
      0.000000000 -0.075170947
      0.000000000 -0.022421446
      0.000000000 -0.428703852
      0.000000000 -0.060884678
      0.000000000  0.307709954
      0.000000000 -1.064505005
      0.031520298 -0.016644313
      0.000000000  0.056352647
      0.109011117  0.655139623
      0.000000000  0.050335473
      0.000000000 -0.032105646
      0.013752393  0.009037728
      0.000000000  0.053635323
      0.000000000 -0.027734053
      0.000000000 -0.007513842
